world: world
x: 6779.464965281293
y: 81.0
z: 6657.427135467905
yaw: -198.4542
pitch: -7.9503417
name: TheStartingGrounds
lastowner: bf8b08a5-714c-4667-8f49-efce56cb7dc5
